Feature contributions for the instance:
age: [0.06467776603477261, -0.06802577795862831, 0.10107467007059073]
juv_fel_count: [0.7957714110855435, -1.2158002822258627, -0.051230101756563194]
juv_misd_count: [0.539212299336801, -0.7807351900839945, 0.06622305726048945]
juv_other_count: [-0.03551473688274891, 0.045794953244917905, 0.0012963565538638817]
r_days_from_arrest: [0.8441516907456658, -1.6673096987977056, -0.0930847811701954]
race_African American: [-0.18167813955465995, 0.16524308041797453, -0.03954429998781826]
race_Asian: [0.0011623395254855588, -0.0013103332509006574, 0.0007787352034620718]
race_Caucasian: [-0.1396541118921913, 0.09829508060497269, -0.0012950749495509594]
race_Hispanic: [0.031008167481975317, -0.026041912598477216, 0.008567399873857852]
race_Native American: [-1.6721815893405305e-05, -0.0001397683083529336, 0.00018771622455403302]
race_Other: [0.04290971141695829, -0.03212217122732966, 0.012801140166771093]
sex_Female: [0.009942719062214429, 0.0023540801030796274, -0.011479162384792897]
sex_Male: [0.00982353216910789, 0.0024413188135584936, -0.011487837466792975]
c_charge_degree: [-0.06874244460346825, 0.15608508161828308, -0.09808903237331204]
r_charge_degree: [0.6216667955417068, -0.4874473336531029, -0.10708592307552527]
vr_charge_degree: [0.04711772078454137, -0.06425926976514548, 0.044259200913783533]