Feature contributions for the instance:
age: [0.05882102482864788, -0.06608882725852211, 0.10652930197656603]
juv_fel_count: [0.8060930936385806, -1.2122562874016216, -0.06416888539213333]
juv_misd_count: [0.5373973464856707, -0.7634969151242744, 0.06242944680971855]
juv_other_count: [-0.03572774258223072, 0.0466734855704805, 0.0011960918037118786]
r_days_from_arrest: [0.7667020103351938, -1.5509204909880014, -0.005402542494912151]
race_African American: [-0.18215777425382498, 0.16524728917666306, -0.039205565620961606]
race_Asian: [0.0011599309900544132, -0.0012991397987587223, 0.0007690306240467097]
race_Caucasian: [-0.13940417511583417, 0.09780318062297938, -0.0009441807706712677]
race_Hispanic: [0.030831389635437675, -0.02587572233152214, 0.008485422852315181]
race_Native American: [-5.2135922403060875e-05, -0.00015715434193642498, 0.0002332042628794233]
race_Other: [0.0430932387716095, -0.03211638732561376, 0.012708966779403365]
sex_Female: [0.010054869331165086, 0.0023130741445516836, -0.011510077870958866]
sex_Male: [0.009470939989073682, 0.002748976735058522, -0.011564557364599798]
c_charge_degree: [-0.07442466617694009, 0.15640418684951324, -0.09356754495281584]
r_charge_degree: [0.616007533518224, -0.4838591095309275, -0.1033066601307172]
vr_charge_degree: [0.048260502371969424, -0.0660784860570404, 0.044546260757330224]